5476
11560
11563
11564
11576
11577
11578
11579
11580
11581
11582
11583
11584
11585
11586
11587
11588
11589
11590
11591
11592
11593
11594
11595
11596
11597
11598
11599
11600
11601
11602
11603
11604
11605
11606
11607
11608
11609
11610
11612
11613
11614
11615
11616
11617
11618
11619
11620
11621
11622
11623
11624
11625
11626
11627
11628
11629
11630
11631
11632
11633
11634
11635
11636
11637
11638
11639
11640
11641
11642
11643
11645
11646
11647
11648
11649
11650
11651
11652
11653
11654
11655
11656
11657
11658
11659
11660
11661
11662
11663
11664
11665
11666
11667
11668
11669
11670
11671
11672
11673
11674
11675
11676
11677
11678
11679
11680
11681
11682
11683
11684
11685
11686
11687
11688
11689
11690
11691
11692
11693
11694
11695
11696
11697
11699
11700
11701
11702
11703
11704
11705
11706
11707
11708
11710
11711
11712
11713
11714
11716
11717
11718
11719
11720
11721
11725
11726
11727
11728
11729
11730
11731
11732
11733
11734
11735
11736
11737
11738
11739
11740
11741
11742
11743
11744
11745
11746
11747
11748
11749
11750
11751
11752
11753
11754
11755
11756
11757
11758
11759
11760
11761
11762
11764
11765
11768
11773
11774
11775
11776
11777
11778
11779
11780
11781
11782
11783
11784
11785
11786
11787
11788
11789
11790
11791
11792
11795
11797
11798
11799
11800
11801
11802
11803
11804
11805
11806
11807
11808
11809
11810
11811
11812
11813
11814
11815
11816
11817
11818
11819
11820
11821
11822
11823
11824
11825
11826
11827
11829
11830
11831
11832
11833
11834
11835
11836
11837
11838
11839
11840
11841
11842
11843
11849
11850
11851
11855
11856
11857
11858
11859
11861
11862
11863
11864
11865
11866
11867
11868
11869
11873
11874
11878
11879
11880
11881
11882
11883
11884
11885
11886
11887
11888
11889
11890
11891
11892
11893
11894
11895
11896
11897
11898
11899
11900
11901
11902
11905
11906
11907
11908
11909
11910
11911
11912
11913
11914
11915
11916
11917
11918
11919
11920
11921
11922
11923
11924
11925
11926
11927
11928
11929
11930
11931
11932
11933
11934
11935
11936
11937
11938
11939
11940
11941
11942
11943
11944
11945
11946
11947
11948
11949
11950
11951
11952
11953
11954
11955
11956
11957
11958
11959
11960
11961
11962
11963
11964
11965
11966
11967
11969
11970
11971
11972
11973
11974
11975
11976
11977
11979
11980
11981
11982
11983
11985
11986
11987
11988
11989
11990
11991
11992
11993
11994
11995
11996
11997
11998
11999
12000
12001
12002
12003
12006
12007
12008
12009
12010
12011
12012
12013
12014
12016
12017
12018
12019
12020
12021
12022
12023
12024
12025
12026
12028
12029
12030
12031
12032
12033
12034
12035
12036
12037
12038
12039
12040
12041
12042
12043
12044
12045
12046
12047
12048
12049
12050
12051
12052
12053
12054
12055
12056
12057
12058
12059
12060
12061
12062
12063
12064
12065
12066
12067
12068
12069
12070
12071
12072
12073
12074
12076
12077
12078
12079
12080
12081
12082
12083
12084
12085
12086
12087
12088
12089
12090
12091
12093
12094
12095
12096
12097
12098
12099
12100
12101
12102
12103
12104
12105
12106
12108
12111
12112
12114
12115
12116
12117
12118
12119
12120
12121
12123
12124
12125
12126
12127
12130
12131
12132
12134
12135
12136
12137
12138
12139
12140
12141
12142
12143
12144
12145
12146
12147
12149
12150
12151
12152
12154
12155
12156
12157
12158
12159
12160
12161
12162
12163
12164
12165
12166
12167
12168
12170
12171
12172
12177
12178
12179
12179
12180
12181
12182
12183
12184
12187
12188
12189
12190
12191
12192
12193
12194
12195
12196
12197
12199
12200
12201
12202
12203
12204
12205
12206
12207
12208
12210
12211
12212
12213
12214
12215
12216
12217
12218
12219
12220
12221
12222
12223
12224
12225
12226
12227
12229
12230
12231
12232
12237
12238
12239
12240
12241
12242
12245
12246
12247
12248
12249
12250
12251
12252
12253
12254
12255
12256
12257
12258
12262
12263
12264
12266
12267
12268
12269
12270
12271
12272
12273
12274
12275
12276
12277
12278
12279
12280
12281
12282
12283
12284
12285
12286
12287
12288
12289
12290
12291
12292
12293
12294
12295
12296
12297
12298
12299
12300
12301
12306
12307
12308
12309
12310
12311
12312
12315
12316
12317
12319
12321
12323
12324
12325
12326
12327
12328
12329
12330
12331
12332
12335
12336
12337
12338
12339
12340
12341
12342
12343
12344
12345
12346
12347
12348
12349
12350
12351
12352
12353
12354
12355
12356
12357
12358
12359
12360
12361
12362
12363
12364
12365
12366
12367
12368
12369
12370
12371
12372
12374
12375
12376
12377
12378
12379
12380
12381
12382
12383
12389
12390
12393
12394
12395
12396
12397
12398
12399
12400
12401
12402
12403
12404
12405
12406
12407
12408
12409
12410
12411
12412
12413
12414
12415
12416
12417
12418
12419
12420
12421
12422
12423
12424
12427
12428
12429
12430
12431
12431
12432
12432
12433
12434
12435
12436
12436
12437
12438
12439
12440
12441
12442
12443
12444
12445
12446
12447
12448
12449
12450
12451
12452
12453
12454
12455
12456
12457
12458
12459
12460
12461
12462
12463
12464
12465
12466
12470
12471
12472
12473
12474
12475
12476
12482
12483
12484
12485
12486
12487
12488
12489
12490
12491
12492
12493
12494
12495
12496
12497
12502
12503
12504
12505
12506
12507
12508
12509
12510
12511
12512
12513
12514
12515
12516
12517
12518
12519
12520
12521
12522
12526
12531
12532
12533
12534
12535
12536
12537
12538
12541
12543
12544
12545
12546
12547
12548
12549
12550
12551
12552
12553
12554
12555
12556
12557
12558
12559
12560
12560
12561
12562
12563
12564
12568
12568
12569
12569
12570
12573
12574
12575
12576
12577
12578
12579
12580
12581
12582
12583
12586
12588
12589
12590
12591
12592
12596
12597
12598
12599
12600
12601
12602
12603
12604
12605
12608
12609
12610
12611
12612
12613
12614
12615
12616
12618
12619
12620
12621
12622
12623
12624
12625
12627
12629
12630
12631
12632
12633
12634
12635
12644
12649
12652
12655
12656
12657
12659
12660
12661
12662
12663
12664
12665
12666
12667
12668
12669
12670
12671
12672
12673
12676
12678
12679
12680
12681
12682
12683
12684
12685
12686
12687
12688
12689
12690
12691
12692
12693
12694
12695
12696
12697
12698
12700
12702
12703
13704
13705
13706
13707
13708
13709
13710
13711
13712
13713
13714
13715
13716
13718
13719
13720
13721
13722
13723
13724
13726
13727
13728
13730
13731
13732
13733
13734
13735
13735
13736
13737
13738
13739
13740
13741
13742
13743
13744
13745
13747
13748
13749
13753
13754
13755
13756
13757
13758
13759
13760
13761
13762
13763
13765
13766
13767
13768
13769
13770
13771
13772
13773
13774
13775
13778
13779
13780
13781
13782
13784
13785
13786
13787
13788
13789
13792
13793
13794
13798
13799
13800
13801
13802
13804
13805
13807
13808
13809
13811
13812
13813
13816
13818
13819
13823
13824
13825
13826
13827
13828
13836
13837
13879
13880
13881
13882
13884
13885
13886
13888
13889
13893
13894
13895
13896
13897
13900
13904
13908
13915
13916
13917
13920
13921
13922
13923
13924
13925
13926
13927
13928
13929
13930
13932
13933
13934
13935
13936
13938
13939
13940
13941
13942
13943
13944
13945
13946
13951
13952
13958
13959
13962
13963
13970
13974
13978
13979
13980
13984
13990
13992
13993
13996
13999
14000
14004
14005
14012
14013
14019
14021
14022
14025
14026
14027
14030
14032
14033
14042
14053
14055
14056
14057
14058
14067
14074
14075
14092
14094
14099
14100
14101
14102
14106
14114
14120
14122
14133
14134
14136
14139
14140
14147
14148
14150
14151
14187
14188
14194
14201
14202
14203
14204
14205
14206
14207
14208
14209
14235
14236
14239
14244
14245
14246
14247
14248
14249
14250
14251
14252
14253
14254
14255
14259
14260
14261
14262
14263
14265
14266
14269
14272
14275
14280
14282
14283
14284
14289
14292
14293
14294
14302
14303
14304
14319
14320
14321
14325
14327
14328
14329
14331
14332
14333
14334
14341
14342
14344
14346
14347
14348
14349
14350
14351
14352
14353
14354
14355
14356
14357
14358
14359
14360
14361
14362
14363
14364
14365
14366
14367
14368
14369
14370
14371
14372
14373
14374
14375
14376
14377
14378
14379
14380
14381
14383
14384
14385
14386
14387
14388
14389
14390
14391
14393
14397
14398
14399
14402
14403
14404
14405
14406
14407
14408
14409
14410
14411
14412
14413
14414
14416
14427
14430
14431
14432
14433
14434
14438
14441
14442
14443
14445
14446
14447
14448
14451
14452
14453
14454
14455
14457
14458
14459
14463
14469
14471
14472
14477
14487
14488
14489
14490
14495
14506
14507
14508
14509
14510
14512
14513
14514
14515
14516
14517
14519
14520
14521
14522
14523
14524
14525
14526
14527
14529
14530
14531
14532
14533
14534
14535
14536
14537
14538
14539
14540
14541
14542
14543
14544
14545
14546
14547
14548
14549
14550
14551
14552
14553
14554
14556
14557
14558
14559
14560
14561
14562
14564
14565
14566
14567
14568
14569
14570
14571
14572
14595
14596
14597
14598
14599
14600
14602
14603
14604
14605
14606
14607
14608
14609
14610
14611
14612
14613
14614
14615
14616
14617
14618
14619
14620
14621
14623
14624
14625
14626
14631
14632
14633
14634
14639
14640
14641
14642
14644
14645
14646
14647
14648
14650
14651
14652
14656
14657
14658
14659
14660
14661
14663
14664
14665
14666
14667
14668
14669
14670
14671
14672
14673
14675
14676
14677
14678
14679
14679
14681
14682
14683
14684
14685
14686
14690
14691
14694
14695
14696
14698
14699
14700
14701
11484
11485
11489
11501
11505
11512
11513
11516
11547
12428
12675
12701
14702
14703
14704
14705
14709
14710
14711
14712
14716
14717
14718
14719
14720
14721
14722
14725
14732
14737
14742
14748
14750
14751
14752
14753
14755
14756
14757
14758
14759
14768
14770
14771
14772
14773
14774
14775
14776
14777
14778
14780
14781
14782
17487
17489
17490
17491
17492
17493
17494
17495
17496
17497
17498
17499
17500
17501
17502
17503
17504
17505
17506
17507
17508
17509
17510
17511
17512
17513
17514
17515
17516
17517
17518
17519
17520
17521
17522
17523
17524
17525
17526
17527
17528
17529
17530
17531
17532
17533
17534
17535
17536
17537
17538
17539
17539
17540
17541
17542
17543
17544
17545
17546
17547
17548
17549
17550
17551
17552
17553
17554
17555
17556
17559
17560
17561
17562
17563
17565
17566
17570
